[[ 0.7406433    3.5950556    2.0525486    1.6780038    3.3147674
   7.439331     4.049625     2.780132     3.0220609    1.640498
   4.753505     4.126103     6.242475     4.753783     5.782494
   5.5209627    6.481098     2.1957164    4.3915935    6.6668653
   3.9205582    4.282421     3.6735964    3.622912     1.6836057
   1.5922203    4.1609197    5.481127     2.713815     0.83551425
   4.0334034    4.597942     5.172101     2.0476947    3.1954613
   1.9525517    3.398989     2.2660854    3.9780846    3.3266413
   3.590966     1.4884316    3.5144324    4.2971916    3.5118716
   1.5373107    3.8014145    3.9466412    0.56011426   0.25736547
   2.5551624    5.1184936    3.330499     4.6337705    2.0671446
   2.9619565    3.8589156    1.7425752    2.5803556    4.38644
   3.9747684    4.117867     2.3555825    4.37062      3.3739302
   2.4867408    6.2881236    1.8566697    3.4794774   10.342842
   5.4684553    5.5315776    5.0323853    7.83263      7.3985014
   7.707752     4.835158     4.457668    10.090297     4.183085
   2.1253762    3.2866447    3.6269054    3.6542275    2.0330093
   2.9958408    3.058692     4.692062     5.4153175    5.0108213
   5.76813      2.3668153    4.5512624    1.8662505    9.460581
   3.523721     4.1167474    2.5750785    0.86822224   1.696254
   3.6306314    0.55882764   1.8446862    1.7993357    3.1581373
   2.981574     0.60496354  14.148591     5.2488427    5.3408813
   4.83798      7.5740366    9.449843     7.6471257    3.411603
   5.4944158    5.8798637    8.940939     5.2830763    3.8220348
   2.3135648    4.778812     9.206277     3.1731637    4.7332015
   6.7700696    3.3266265    2.017181     2.2618673    5.21561
   2.6051319    1.6521679    3.9789486    0.97059053   4.324094
   1.0610123    2.1432307    2.060617     1.6844994    2.1682272
   2.2329843    4.682516     1.9889144    3.782046     1.851032
   1.3850884    1.6846194    1.3471935    2.4038732    1.9629428
   1.0645121    5.510706     2.8993886    4.644688     3.5785418
   5.3045554    2.8014822    5.344153     4.7841463    3.3212013
   4.12004      6.851742     5.3328743    6.411479     4.0850863
   4.3577933    3.4717302    2.9434392    5.7346425    2.3278248
   4.35654      4.0399795    5.358991     3.8423483    1.9920282
   4.242103     3.5291188    4.6562595    6.8853593    3.6588588
   2.8538604    3.074173     5.2448645    4.357077     5.939391
   6.603291     3.7067225    8.951763     3.188847     3.777376
   3.9481847    5.6415815    2.9710324    5.7656236    2.3219144
   6.557481     4.7947297    3.4132528    2.520039     4.201122
   3.5376637    7.4137273    3.478787     2.5609076    4.2912903
   4.8119183    3.8364258    3.8751085    5.481588     6.1744275
   3.1009355    4.657327     3.5408745    4.0594015    6.223428
   4.455021     4.063363     4.025533     3.426889     4.3181143
   2.727622     3.8669412    4.3300595    6.568561     4.644365
   3.6819246    6.75252      4.443446     3.4673965    3.7018213
   4.802206     5.3070626    5.3798532    2.5069711    5.951844
   2.7208476    2.559672     5.3926225    4.292418     5.95534
   4.799756     4.526299     3.9229593    2.5082111    3.0308337
   6.016774     2.8580039    5.153509     2.8426213    2.4390721
   2.3184595    5.139454     2.7955956    4.390667     5.6917377
   2.9975817    6.1836863    5.4903803    3.4072554    4.3198175
   3.4545476    3.726403     4.3476195    8.676189     4.2992797
   5.8641844    2.675888     4.9198184    2.4850776    1.714969
   2.4874392    1.0729264    1.5349002    1.4809068    1.6887735
   1.0291463    1.5013951    1.2364391    0.093915865  5.0145617
   0.4175764    6.5003843    6.643734     4.7048464    4.1690507
   3.8486059    2.5743248    1.7085377    0.61073726   0.41918525
   0.5054944    2.0609248    2.2230337    1.4081062    0.63666135
   1.1839833    4.2423897    0.83562315   2.6285703    1.7898141
   1.8672618    9.494694     4.55042      6.879532     5.056246
   2.2876308    5.854916     4.492973    10.813911     7.524201
   9.065379     4.3980947    4.833498     5.7401843    4.2001905
   6.9885435    4.772441     8.843891     9.61005     11.477174
  10.350136     4.065872     3.2787936    5.5049615    5.6772757
   7.5562654    4.872617     6.289186     8.396358     4.1126776
   3.2993042    4.453204     2.5047657    9.595455     4.2742567
   2.8984737    1.0659813    1.388871     6.077084     2.299733
   0.34374866   2.6995192    0.6315511    0.44597697   0.5455478
   3.8421328    1.7863945    1.6997315    3.68545      4.7427897
   1.9291924    1.8246245    2.4960287    1.8595915    5.1875706
   2.92389      4.00026      3.6001348    4.0548086    4.2425084
   0.83251166   4.0175743    0.118857615  2.4987054    4.246191
   1.5223441    0.98945475   2.7021577    1.145443     2.5086243
   0.6924609    1.177942     0.29927573   1.5760708    1.107259
   0.5755302    3.3691356    2.2245424    1.0660093    1.4106781
   1.457155     1.8587657    3.4675272    0.4032006    1.9036808
   1.1396997    1.0415612    0.51075417   0.7243845    1.5414282
   1.4910203    1.334452     3.1710403    8.41638      1.1593746
   1.1642209    1.8441492    1.8593752   11.310791     4.2961063
   4.7601886    8.695657     9.797259     2.861078     3.7782044
   9.272679     2.4781575    2.147022     3.6038656   13.959647
   3.6239917   11.485518     9.005002     8.434218     9.280886
  13.543762     6.888123    20.815357    12.107859    12.805908
  10.055591     7.3454685   11.026227     5.907412     3.9073443
   4.203583     8.158646     9.265545     7.0551853    9.738975
   4.6934824    8.373126     6.6850657   16.520912     6.8807173
   7.990008     0.9062338    5.1283894   12.3735485    8.768917
   8.405645     7.0938845    7.4399805   18.716341     1.0074352
   9.679546    10.786985    10.757609    13.458428     1.2392687
   5.162982    13.07066     12.324415     9.263545     1.3311979
  16.542147     7.814665    10.969185     3.7106514   11.69405
   3.1571064    6.7060895    8.95171     15.059407    13.771953
   6.7956696    5.0784826    4.3916626    2.4669185    6.96843
  13.902921     7.692143     4.3356824   11.591363     6.149542
   3.6728437    2.9451334    7.394173     9.465762     3.2727258
   3.3563006   10.856075     8.412974     3.3235734    1.4704397
   7.9988413    8.196661    10.257402    12.704993     7.0275187
   8.42431      8.240866    11.120539     4.8320537   13.906884
  10.622261    12.410279     5.395711     5.078443    10.714966
   1.1353248    5.813546    10.797395    11.441033    12.929889
  11.517592    14.128298    12.110545     3.8222458    8.544576
   2.5951216    2.5117416    9.531949    11.084013     8.50759
  12.945564     9.535517     4.4797077    5.608839     9.260419
   8.692415     6.3420153   13.578849     6.0013843    8.924766
   1.241413     9.544394     7.0765605   11.448268    12.999172
   9.660429     5.825764    10.089594     7.131618     9.637483
   7.2908096    3.8378654    3.3173876    9.393167     9.407973
   2.5617003   13.798708    13.675039    13.697692     7.632349
  13.194993     6.7667894    3.5590885    4.044793    16.044592
   8.581723    18.4318       5.208728     5.1307144    3.659003
   4.8239045    2.8363683    8.195645     8.775711    10.095965
   5.17123      5.892103     6.4110065    7.3513503    2.54444
   4.8943954   10.446215    10.514586     4.805315     0.636308
  12.044513     5.7739396   14.61149      4.2995505   12.188331
   3.2604666    2.0010936   11.225429     5.43422      6.1757393
   3.5766354    5.530569     4.7688313   12.719467    18.268118
  10.454551     3.949771    12.313089    12.261388    11.031703
   3.3791153    9.909034     7.5880466   10.1261425    5.806094
   6.951097    11.127857     7.392006     5.3927326   11.540056
  16.811094     5.7933583    5.956645     1.2843757   13.83825
  14.206775     9.600491     4.4313254    6.436766     0.59859014
  11.197806    13.213424     1.6985126   13.209233     5.2690334
   9.3717      12.589512     8.048462    12.608581    15.630503
  10.119162     6.107234    10.065798    11.309368     7.448096
   3.4904656   12.39512      0.8979639    2.3789713   15.743212
   5.067753    13.706834     9.055999    13.560543     8.326363
  12.294233     9.705286     9.277808    10.891019    11.294129
   3.3553894   16.95289      7.943936    12.512019    13.050203
   6.7867217    7.116372    13.367746     6.674037     3.9992983
   9.815146     7.2816567    6.450024     6.3104033    4.364434
   7.9979053    1.2897162    8.3857155   12.480576    13.435667
   2.455985     4.0048876    6.7605395    2.4298017    9.431812
   1.7364237   12.431578     6.3421154    5.1591945    5.658253
   2.8935153    1.5635657    5.0791974    9.576457    10.049845
   0.46539834   5.6661944   15.898999     7.285914    18.176003
  13.497232     8.349025     4.575864     8.398992    10.6279545
   1.8314282    9.283723     5.4944854    5.5437975    4.472007
   2.6731596    9.533856    11.10685     11.975085     1.8925041
   9.264466    16.401144     9.001785     3.0430942   11.739092
  10.442417    14.133079     6.075511     2.4043946    2.9430387
   3.4415936    4.3900943    5.536613     7.5121355   14.220077
  16.979883    17.360237    13.843624     4.75529     20.772984
   3.9538004   11.821389     2.279415     1.3295392   15.398728
  17.462412    13.096352    17.337719    16.693472     1.8211242
  13.550657     5.5572205    7.803165     8.520576    14.10374
   8.295066    14.137274     7.9333143    7.150564     0.353482
   7.0589075    8.573771    12.350719    13.712231     4.589715
   7.4560027    7.61226      5.5580215    0.7836184    8.202456
   7.580645     9.893831    12.882615    13.979834     9.886012
   3.5983522    2.572365     9.071152     4.9689264   10.32916
   8.920156     8.925835     2.521135    10.3379345    4.217448
   6.118978     9.583664     6.721379    11.076817     9.366305
   9.104519     1.9947042   21.02254      7.536263    18.304031
   4.837031     6.0479593   14.076101    14.434017    11.910586
   5.6183243    7.917354     6.5915165   11.786952     3.4437282
   1.2226096    4.0740156    8.048484    16.001497    10.846902
   4.397278     8.715231    10.654091     5.9083376    4.237564
   8.937528     3.2676623   11.892363    11.865804     9.922571
   6.473549    10.108587     9.030651     7.6877327    4.902773
   6.8368196    6.517372     3.911182     2.9261713   14.941271
  13.176023    10.41801      9.580786    13.763038    11.577378
   6.158258     6.904172     7.128968    13.99971      2.6317382
   7.382468    12.148561     2.0130346   14.472213     8.001065
   6.108487     0.70648664  10.905736    10.582722     7.138168
   3.8456414    8.43062      7.38308     14.263981     1.2156436
   5.9036803    5.6919847    4.967542     2.362992     5.8522625
   6.178402    10.932503    11.817537    11.405824     1.2262323
  10.512126     7.62281      8.475819     5.9446125   13.305851
  12.494163    12.29041      4.0544176    9.194877    10.703526
  13.939691     8.7239485   15.7908125    1.2721769    4.5529704
  14.452767     5.9997563    7.175863     4.0740967   11.382793
   3.8410034   11.965592     7.9675865    6.2285323    0.68228716
   7.3277926    6.007678     1.7975614   15.478328     4.309276
   7.4434505    1.773918     8.494452     5.062645     0.15681154
   9.170784    10.167337     3.9717512    7.2631536   10.317752
   4.5405416    6.9448776    7.606013    13.045032     3.829392
   8.876215     6.638729     5.2134714    5.3007393    8.654153
  13.8893585    8.019039    17.235289    13.761166     7.2040534
   5.4710603    9.968791     5.445313    12.38542     12.259045
   6.868134     4.2853575   17.569168     9.199619     6.1982417
   4.196789     5.839516    10.4194       5.5066338    7.648832
  13.462884    12.446318     5.265491     2.3130684    1.1043016
   1.1130742    9.414137     6.4783554    4.7968802    7.563047
  12.690542    10.486679     8.570155    12.034947    10.37004
   8.399511     4.56674     12.065076    13.40507     13.340601
   9.250349     9.358224    10.435223     9.043133     7.331202
   8.78846      6.907725     6.4817524    4.500391     7.729862
   9.647325     8.851331     8.6169815   13.014701     5.2769732
  12.075605     2.3165417   12.2934265   13.710763    13.316992
  14.240739    14.078899    10.941013     6.937306    10.787397
   9.76747     10.015476    10.133258     9.071748     8.27193
   9.390816    13.890836    10.16146      6.595438     6.241347
   5.6800547   10.6735325    7.677657    14.869295    10.391411
   2.2679763   14.460553     0.8006234    3.9592881    2.8479347
   4.1570854    2.032102     4.6794744    4.886194     0.1719787
   2.1769102    5.117115     6.6518707    5.1085057    9.463709
  10.746817     6.0494385    9.264807    11.92424     10.889438
   6.321118     3.5883236   10.622829     3.858373     3.5999763
   8.809899    11.950021     9.640142     6.98707     11.621588   ]]